Homes:
  6df83394-47f5-4c0f-9074-0a099030a90c:
    X: -851.2956107958524
    Y: 116.0625
    Z: 1309.6357388762221
    Yaw: -24.00583
    Pitch: 34.800034
    World: worlds/sentinel
