Homes:
  6df83394-47f5-4c0f-9074-0a099030a90c:
    X: -851.2956107958524
    Y: 116.0625
    Z: 1309.6357388762221
    Yaw: -24.00583
    Pitch: 34.800034
    World: worlds/sentinel
  173a8b03-6ccc-47d3-993f-72d52eeba1f1:
    X: -757.2696268228593
    Y: 80.0
    Z: 1257.6008397749417
    Yaw: -86.137024
    Pitch: 54.15004
    World: worlds/sentinel
