Homes:
  6df83394-47f5-4c0f-9074-0a099030a90c:
    X: -10110.35131090139
    Y: 63.0
    Z: -7368.31813174365
    Yaw: 153.2194
    Pitch: 24.6
    World: worlds/medieval town build
  173a8b03-6ccc-47d3-993f-72d52eeba1f1:
    X: -10320.59978755753
    Y: 64.0
    Z: -7291.335325709816
    Yaw: -272.41937
    Pitch: 81.00007
    World: worlds/medieval town build
